
2 3 0 11 9 16 0 17 11
<S> => 2 <DECL_LIST> 11 <INSTR_LIST> => 2 <DECL> 11 <INSTR_LIST> => 2 <TYPE> 0 11 <INSTR_LIST> => 2 <PRED_TYPE> 0 11 <INSTR_LIST> => 2 3 0 11 <INSTR_LIST> => 2 3 0 11 <INSTRUCTION> => 2 3 0 11 <SIMPLE_INSTR> => 2 3 0 11 <IO_INSTR> => 2 3 0 11 9 16 0 17 11

2  4  0  11 4  0  11 5  0  11 4  27 1  26 0  11 10 16 0  17 11 0  24 1  11 0  24 1  11 9  16 0  17 11 10 16 0  17 11 6  16 0  25 0  17 18 0  24 14 1  11 10 16 0  17 11 19 8  16 0  25 1  17 18 0  24 0  12 1  11 10 16 0  17 11 19
<S> =>
 2 <DECL_LIST> 11 <INSTR_LIST> =>
 2 <DECL> 11 <DECL_LIST> 11 <INSTR_LIST> =>
 2 <TYPE> 0 11 <DECL_LIST> 11 <INSTR_LIST> =>
 2 <PRED_TYPE> 0 11 <DECL_LIST> 11 <INSTR_LIST> =>
 2 4 0 11 <DECL_LIST> 11 <INSTR_LIST> =>
 2 4 0 11 <DECL> 11 <DECL_LIST> 11 <INSTR_LIST> =>
 2 4 0 11 <TYPE> 0 11 <DECL_LIST> 11 <INSTR_LIST> =>
 2 4 0 11 <PRED_TYPE> 0 11 <DECL_LIST> 11 <INSTR_LIST> =>
 2 4 0 11 4 0 11 <DECL_LIST> 11 <INSTR_LIST> =>
 2 4 0 11 4 0 11 <DECL> 11 <DECL_LIST> 11 <INSTR_LIST> =>
 2 4 0 11 4 0 11 <TYPE> 0 11 <DECL_LIST> 11 <INSTR_LIST> =>
 2 4 0 11 4 0 11 <PRED_TYPE> 0 11 <DECL_LIST> 11 <INSTR_LIST> =>
 2 4 0 11 4 0 11 5 0 11 <DECL_LIST> 11 <INSTR_LIST> =>
 2 4 0 11 4 0 11 5 0 11 <DECL> 11 <INSTR_LIST> =>
 2 4 0 11 4 0 11 5 0 11 <TYPE> 0 11 <INSTR_LIST> =>
 2 4 0 11 4 0 11 5 0 11 <A_TYPE> 0 11 <INSTR_LIST> =>
 2 4 0 11 4 0 11 5 0 11 <PRED_TYPE> 27 1 26 0 11 <INSTR_LIST> =>
 2 4 0 11 4 0 11 5 0 11 4 27 1 26 0 11 <INSTR_LIST> =>
 2 4 0 11 4 0 11 5 0 11 4 27 1 26 0 11 <INSTRUCTION> <INSTR_LIST> =>
 2 4 0 11 4 0 11 5 0 11 4 27 1 26 0 11 <SIMPLE_INSTR> <INSTR_LIST> =>
 2 4 0 11 4 0 11 5 0 11 4 27 1 26 0 11 <IO_INSTR> <INSTR_LIST> =>
 2 4 0 11 4 0 11 5 0 11 4 27 1 26 0 11 10 16 0 17 11 <INSTR_LIST> =>
 2 4 0 11 4 0 11 5 0 11 4 27 1 26 0 11 10 16 0 17 11 <INSTRUCTION> <INSTR_LIST> =>
 2 4 0 11 4 0 11 5 0 11 4 27 1 26 0 11 10 16 0 17 11 <SIMPLE_INSTR> <INSTR_LIST> =>
 2 4 0 11 4 0 11 5 0 11 4 27 1 26 0 11 10 16 0 17 11 <ASSIGN_INSTR> <INSTR_LIST> =>
 2 4 0 11 4 0 11 5 0 11 4 27 1 26 0 11 10 16 0 17 11 0 24 <EXPR> 11 <INSTR_LIST> =>
 2 4 0 11 4 0 11 5 0 11 4 27 1 26 0 11 10 16 0 17 11 0 24 <SIMPLE_EXPR> 11 <INSTR_LIST> =>
 2 4 0 11 4 0 11 5 0 11 4 27 1 26 0 11 10 16 0 17 11 0 24 <OPERAND> 11 <INSTR_LIST> =>
 2 4 0 11 4 0 11 5 0 11 4 27 1 26 0 11 10 16 0 17 11 0 24 1 11 <INSTR_LIST> =>
 2 4 0 11 4 0 11 5 0 11 4 27 1 26 0 11 10 16 0 17 11 0 24 1 11 <INSTRUCTION> <INSTR_LIST> =>
 2 4 0 11 4 0 11 5 0 11 4 27 1 26 0 11 10 16 0 17 11 0 24 1 11 <SIMPLE_INSTR> <INSTR_LIST> =>
 2 4 0 11 4 0 11 5 0 11 4 27 1 26 0 11 10 16 0 17 11 0 24 1 11 <ASSIGN_INSTR> <INSTR_LIST> =>
 2 4 0 11 4 0 11 5 0 11 4 27 1 26 0 11 10 16 0 17 11 0 24 1 11 0 24 <EXPR> 11 <INSTR_LIST> =>
 2 4 0 11 4 0 11 5 0 11 4 27 1 26 0 11 10 16 0 17 11 0 24 1 11 0 24 <SIMPLE_EXPR> 11 <INSTR_LIST> =>
 2 4 0 11 4 0 11 5 0 11 4 27 1 26 0 11 10 16 0 17 11 0 24 1 11 0 24 <OPERAND> 11 <INSTR_LIST> =>
 2 4 0 11 4 0 11 5 0 11 4 27 1 26 0 11 10 16 0 17 11 0 24 1 11 0 24 1 11 <INSTR_LIST> =>
 2 4 0 11 4 0 11 5 0 11 4 27 1 26 0 11 10 16 0 17 11 0 24 1 11 0 24 1 11 <INSTRUCTION> <INSTR_LIST> =>
 2 4 0 11 4 0 11 5 0 11 4 27 1 26 0 11 10 16 0 17 11 0 24 1 11 0 24 1 11 <SIMPLE_INSTR> <INSTR_LIST> =>
 2 4 0 11 4 0 11 5 0 11 4 27 1 26 0 11 10 16 0 17 11 0 24 1 11 0 24 1 11 <IO_INSTR> <INSTR_LIST> =>
 2 4 0 11 4 0 11 5 0 11 4 27 1 26 0 11 10 16 0 17 11 0 24 1 11 0 24 1 11 9 16 0 17 11 <INSTR_LIST> =>
 2 4 0 11 4 0 11 5 0 11 4 27 1 26 0 11 10 16 0 17 11 0 24 1 11 0 24 1 11 9 16 0 17 11 <INSTRUCTION> <INSTR_LIST> =>
 2 4 0 11 4 0 11 5 0 11 4 27 1 26 0 11 10 16 0 17 11 0 24 1 11 0 24 1 11 9 16 0 17 11 <SIMPLE_INSTR> <INSTR_LIST> =>
 2 4 0 11 4 0 11 5 0 11 4 27 1 26 0 11 10 16 0 17 11 0 24 1 11 0 24 1 11 9 16 0 17 11 <IO_INSTR> <INSTR_LIST> =>
 2 4 0 11 4 0 11 5 0 11 4 27 1 26 0 11 10 16 0 17 11 0 24 1 11 0 24 1 11 9 16 0 17 11 10 16 0 17 11 <INSTR_LIST> =>
 2 4 0 11 4 0 11 5 0 11 4 27 1 26 0 11 10 16 0 17 11 0 24 1 11 0 24 1 11 9 16 0 17 11 10 16 0 17 11 <INSTRUCTION> <INSTR_LIST> =>
 2 4 0 11 4 0 11 5 0 11 4 27 1 26 0 11 10 16 0 17 11 0 24 1 11 0 24 1 11 9 16 0 17 11 10 16 0 17 11 <STR_INSTR> <INSTR_LIST> =>
 2 4 0 11 4 0 11 5 0 11 4 27 1 26 0 11 10 16 0 17 11 0 24 1 11 0 24 1 11 9 16 0 17 11 10 16 0 17 11 <IF_INSTR> <INSTR_LIST> =>
 2 4 0 11 4 0 11 5 0 11 4 27 1 26 0 11 10 16 0 17 11 0 24 1 11 0 24 1 11 9 16 0 17 11 10 16 0 17 11 6 16 <CONDITION> 17 <INSTR_COMP> <INSTR_LIST> =>
 2 4 0 11 4 0 11 5 0 11 4 27 1 26 0 11 10 16 0 17 11 0 24 1 11 0 24 1 11 9 16 0 17 11 10 16 0 17 11 6 16 <EXPR> <RELATION_OPR> <EXPR> 17 <INSTR_COMP> <INSTR_LIST> =>
 2 4 0 11 4 0 11 5 0 11 4 27 1 26 0 11 10 16 0 17 11 0 24 1 11 0 24 1 11 9 16 0 17 11 10 16 0 17 11 6 16 <SIMPLE_EXPR> <RELATION_OPR> <EXPR> 17 <INSTR_COMP> <INSTR_LIST> =>
 2 4 0 11 4 0 11 5 0 11 4 27 1 26 0 11 10 16 0 17 11 0 24 1 11 0 24 1 11 9 16 0 17 11 10 16 0 17 11 6 16 <OPERAND> <RELATION_OPR> <EXPR> 17 <INSTR_COMP> <INSTR_LIST> =>
 2 4 0 11 4 0 11 5 0 11 4 27 1 26 0 11 10 16 0 17 11 0 24 1 11 0 24 1 11 9 16 0 17 11 10 16 0 17 11 6 16 0 <RELATION_OPR> <EXPR> 17 <INSTR_COMP> <INSTR_LIST> =>
 2 4 0 11 4 0 11 5 0 11 4 27 1 26 0 11 10 16 0 17 11 0 24 1 11 0 24 1 11 9 16 0 17 11 10 16 0 17 11 6 16 0 25 <EXPR> 17 <INSTR_COMP> <INSTR_LIST> =>
 2 4 0 11 4 0 11 5 0 11 4 27 1 26 0 11 10 16 0 17 11 0 24 1 11 0 24 1 11 9 16 0 17 11 10 16 0 17 11 6 16 0 25 <SIMPLE_EXPR> 17 <INSTR_COMP> <INSTR_LIST> =>
 2 4 0 11 4 0 11 5 0 11 4 27 1 26 0 11 10 16 0 17 11 0 24 1 11 0 24 1 11 9 16 0 17 11 10 16 0 17 11 6 16 0 25 <OPERAND> 17 <INSTR_COMP> <INSTR_LIST> =>
 2 4 0 11 4 0 11 5 0 11 4 27 1 26 0 11 10 16 0 17 11 0 24 1 11 0 24 1 11 9 16 0 17 11 10 16 0 17 11 6 16 0 25 0 17 <INSTR_COMP> <INSTR_LIST> =>
 2 4 0 11 4 0 11 5 0 11 4 27 1 26 0 11 10 16 0 17 11 0 24 1 11 0 24 1 11 9 16 0 17 11 10 16 0 17 11 6 16 0 25 0 17 18 <INSTR_LIST> 19 <INSTR_LIST> =>
 2 4 0 11 4 0 11 5 0 11 4 27 1 26 0 11 10 16 0 17 11 0 24 1 11 0 24 1 11 9 16 0 17 11 10 16 0 17 11 6 16 0 25 0 17 18 <INSTRUCTION> <INSTR_LIST> 19 <INSTR_LIST> =>
 2 4 0 11 4 0 11 5 0 11 4 27 1 26 0 11 10 16 0 17 11 0 24 1 11 0 24 1 11 9 16 0 17 11 10 16 0 17 11 6 16 0 25 0 17 18 <SIMPLE_INSTR> <INSTR_LIST> 19 <INSTR_LIST> =>
 2 4 0 11 4 0 11 5 0 11 4 27 1 26 0 11 10 16 0 17 11 0 24 1 11 0 24 1 11 9 16 0 17 11 10 16 0 17 11 6 16 0 25 0 17 18 <ASSIGN_INSTR> <INSTR_LIST> 19 <INSTR_LIST> =>
 2 4 0 11 4 0 11 5 0 11 4 27 1 26 0 11 10 16 0 17 11 0 24 1 11 0 24 1 11 9 16 0 17 11 10 16 0 17 11 6 16 0 25 0 17 18 0 24 <EXPR> 11 <INSTR_LIST> 19 <INSTR_LIST> =>
 2 4 0 11 4 0 11 5 0 11 4 27 1 26 0 11 10 16 0 17 11 0 24 1 11 0 24 1 11 9 16 0 17 11 10 16 0 17 11 6 16 0 25 0 17 18 0 24 <SIMPLE_EXPR> 11 <INSTR_LIST> 19 <INSTR_LIST> =>
 2 4 0 11 4 0 11 5 0 11 4 27 1 26 0 11 10 16 0 17 11 0 24 1 11 0 24 1 11 9 16 0 17 11 10 16 0 17 11 6 16 0 25 0 17 18 0 24 <OPERATOR_UNAR> <OPERAND> 11 <INSTR_LIST> 19 <INSTR_LIST> =>
 2 4 0 11 4 0 11 5 0 11 4 27 1 26 0 11 10 16 0 17 11 0 24 1 11 0 24 1 11 9 16 0 17 11 10 16 0 17 11 6 16 0 25 0 17 18 0 24 14 <OPERAND> 11 <INSTR_LIST> 19 <INSTR_LIST> =>
 2 4 0 11 4 0 11 5 0 11 4 27 1 26 0 11 10 16 0 17 11 0 24 1 11 0 24 1 11 9 16 0 17 11 10 16 0 17 11 6 16 0 25 0 17 18 0 24 14 1 11 <INSTR_LIST> 19 <INSTR_LIST> =>
 2 4 0 11 4 0 11 5 0 11 4 27 1 26 0 11 10 16 0 17 11 0 24 1 11 0 24 1 11 9 16 0 17 11 10 16 0 17 11 6 16 0 25 0 17 18 0 24 14 1 11 <INSTRUCTION> 19 <INSTR_LIST> =>
 2 4 0 11 4 0 11 5 0 11 4 27 1 26 0 11 10 16 0 17 11 0 24 1 11 0 24 1 11 9 16 0 17 11 10 16 0 17 11 6 16 0 25 0 17 18 0 24 14 1 11 <SIMPLE_INSTR> 19 <INSTR_LIST> =>
 2 4 0 11 4 0 11 5 0 11 4 27 1 26 0 11 10 16 0 17 11 0 24 1 11 0 24 1 11 9 16 0 17 11 10 16 0 17 11 6 16 0 25 0 17 18 0 24 14 1 11 <IO_INSTR> 19 <INSTR_LIST> =>
 2 4 0 11 4 0 11 5 0 11 4 27 1 26 0 11 10 16 0 17 11 0 24 1 11 0 24 1 11 9 16 0 17 11 10 16 0 17 11 6 16 0 25 0 17 18 0 24 14 1 11 10 16 0 17 11 19 <INSTR_LIST> =>
 2 4 0 11 4 0 11 5 0 11 4 27 1 26 0 11 10 16 0 17 11 0 24 1 11 0 24 1 11 9 16 0 17 11 10 16 0 17 11 6 16 0 25 0 17 18 0 24 14 1 11 10 16 0 17 11 19 <INSTRUCTION> =>
 2 4 0 11 4 0 11 5 0 11 4 27 1 26 0 11 10 16 0 17 11 0 24 1 11 0 24 1 11 9 16 0 17 11 10 16 0 17 11 6 16 0 25 0 17 18 0 24 14 1 11 10 16 0 17 11 19 <STR_INSTR> =>
 2 4 0 11 4 0 11 5 0 11 4 27 1 26 0 11 10 16 0 17 11 0 24 1 11 0 24 1 11 9 16 0 17 11 10 16 0 17 11 6 16 0 25 0 17 18 0 24 14 1 11 10 16 0 17 11 19 <WHILE_INSTR> =>
 2 4 0 11 4 0 11 5 0 11 4 27 1 26 0 11 10 16 0 17 11 0 24 1 11 0 24 1 11 9 16 0 17 11 10 16 0 17 11 6 16 0 25 0 17 18 0 24 14 1 11 10 16 0 17 11 19 8 16 <CONDITION> 17 <INSTR_COMP> =>
 2 4 0 11 4 0 11 5 0 11 4 27 1 26 0 11 10 16 0 17 11 0 24 1 11 0 24 1 11 9 16 0 17 11 10 16 0 17 11 6 16 0 25 0 17 18 0 24 14 1 11 10 16 0 17 11 19 8 16 <EXPR> <RELATION_OPR> <EXPR> 17 <INSTR_COMP> =>
 2 4 0 11 4 0 11 5 0 11 4 27 1 26 0 11 10 16 0 17 11 0 24 1 11 0 24 1 11 9 16 0 17 11 10 16 0 17 11 6 16 0 25 0 17 18 0 24 14 1 11 10 16 0 17 11 19 8 16 <SIMPLE_EXPR> <RELATION_OPR> <EXPR> 17 <INSTR_COMP> =>
 2 4 0 11 4 0 11 5 0 11 4 27 1 26 0 11 10 16 0 17 11 0 24 1 11 0 24 1 11 9 16 0 17 11 10 16 0 17 11 6 16 0 25 0 17 18 0 24 14 1 11 10 16 0 17 11 19 8 16 <OPERAND> <RELATION_OPR> <EXPR> 17 <INSTR_COMP> =>
 2 4 0 11 4 0 11 5 0 11 4 27 1 26 0 11 10 16 0 17 11 0 24 1 11 0 24 1 11 9 16 0 17 11 10 16 0 17 11 6 16 0 25 0 17 18 0 24 14 1 11 10 16 0 17 11 19 8 16 0 <RELATION_OPR> <EXPR> 17 <INSTR_COMP> =>
 2 4 0 11 4 0 11 5 0 11 4 27 1 26 0 11 10 16 0 17 11 0 24 1 11 0 24 1 11 9 16 0 17 11 10 16 0 17 11 6 16 0 25 0 17 18 0 24 14 1 11 10 16 0 17 11 19 8 16 0 25 <EXPR> 17 <INSTR_COMP> =>
 2 4 0 11 4 0 11 5 0 11 4 27 1 26 0 11 10 16 0 17 11 0 24 1 11 0 24 1 11 9 16 0 17 11 10 16 0 17 11 6 16 0 25 0 17 18 0 24 14 1 11 10 16 0 17 11 19 8 16 0 25 <SIMPLE_EXPR> 17 <INSTR_COMP> =>
 2 4 0 11 4 0 11 5 0 11 4 27 1 26 0 11 10 16 0 17 11 0 24 1 11 0 24 1 11 9 16 0 17 11 10 16 0 17 11 6 16 0 25 0 17 18 0 24 14 1 11 10 16 0 17 11 19 8 16 0 25 <OPERAND> 17 <INSTR_COMP> =>
 2 4 0 11 4 0 11 5 0 11 4 27 1 26 0 11 10 16 0 17 11 0 24 1 11 0 24 1 11 9 16 0 17 11 10 16 0 17 11 6 16 0 25 0 17 18 0 24 14 1 11 10 16 0 17 11 19 8 16 0 25 1 17 <INSTR_COMP> =>
 2 4 0 11 4 0 11 5 0 11 4 27 1 26 0 11 10 16 0 17 11 0 24 1 11 0 24 1 11 9 16 0 17 11 10 16 0 17 11 6 16 0 25 0 17 18 0 24 14 1 11 10 16 0 17 11 19 8 16 0 25 1 17 18 <INSTR_LIST> 19 =>
 2 4 0 11 4 0 11 5 0 11 4 27 1 26 0 11 10 16 0 17 11 0 24 1 11 0 24 1 11 9 16 0 17 11 10 16 0 17 11 6 16 0 25 0 17 18 0 24 14 1 11 10 16 0 17 11 19 8 16 0 25 1 17 18 <INSTRUCTION> <INSTR_LIST> 19 =>
 2 4 0 11 4 0 11 5 0 11 4 27 1 26 0 11 10 16 0 17 11 0 24 1 11 0 24 1 11 9 16 0 17 11 10 16 0 17 11 6 16 0 25 0 17 18 0 24 14 1 11 10 16 0 17 11 19 8 16 0 25 1 17 18 <SIMPLE_INSTR> <INSTR_LIST> 19 =>
 2 4 0 11 4 0 11 5 0 11 4 27 1 26 0 11 10 16 0 17 11 0 24 1 11 0 24 1 11 9 16 0 17 11 10 16 0 17 11 6 16 0 25 0 17 18 0 24 14 1 11 10 16 0 17 11 19 8 16 0 25 1 17 18 <ASSIGN_INSTR> <INSTR_LIST> 19 =>
 2 4 0 11 4 0 11 5 0 11 4 27 1 26 0 11 10 16 0 17 11 0 24 1 11 0 24 1 11 9 16 0 17 11 10 16 0 17 11 6 16 0 25 0 17 18 0 24 14 1 11 10 16 0 17 11 19 8 16 0 25 1 17 18 0 24 <EXPR> 11 <INSTR_LIST> 19 =>
 2 4 0 11 4 0 11 5 0 11 4 27 1 26 0 11 10 16 0 17 11 0 24 1 11 0 24 1 11 9 16 0 17 11 10 16 0 17 11 6 16 0 25 0 17 18 0 24 14 1 11 10 16 0 17 11 19 8 16 0 25 1 17 18 0 24 <SIMPLE_EXPR> 11 <INSTR_LIST> 19 =>
 2 4 0 11 4 0 11 5 0 11 4 27 1 26 0 11 10 16 0 17 11 0 24 1 11 0 24 1 11 9 16 0 17 11 10 16 0 17 11 6 16 0 25 0 17 18 0 24 14 1 11 10 16 0 17 11 19 8 16 0 25 1 17 18 0 24 <OPERAND> <OPERATOR> <OPERAND> 11 <INSTR_LIST> 19 =>
 2 4 0 11 4 0 11 5 0 11 4 27 1 26 0 11 10 16 0 17 11 0 24 1 11 0 24 1 11 9 16 0 17 11 10 16 0 17 11 6 16 0 25 0 17 18 0 24 14 1 11 10 16 0 17 11 19 8 16 0 25 1 17 18 0 24 0 <OPERATOR> <OPERAND> 11 <INSTR_LIST> 19 =>
 2 4 0 11 4 0 11 5 0 11 4 27 1 26 0 11 10 16 0 17 11 0 24 1 11 0 24 1 11 9 16 0 17 11 10 16 0 17 11 6 16 0 25 0 17 18 0 24 14 1 11 10 16 0 17 11 19 8 16 0 25 1 17 18 0 24 0 12 <OPERAND> 11 <INSTR_LIST> 19 =>
 2 4 0 11 4 0 11 5 0 11 4 27 1 26 0 11 10 16 0 17 11 0 24 1 11 0 24 1 11 9 16 0 17 11 10 16 0 17 11 6 16 0 25 0 17 18 0 24 14 1 11 10 16 0 17 11 19 8 16 0 25 1 17 18 0 24 0 12 1 11 <INSTR_LIST> 19 =>
 2 4 0 11 4 0 11 5 0 11 4 27 1 26 0 11 10 16 0 17 11 0 24 1 11 0 24 1 11 9 16 0 17 11 10 16 0 17 11 6 16 0 25 0 17 18 0 24 14 1 11 10 16 0 17 11 19 8 16 0 25 1 17 18 0 24 0 12 1 11 <INSTRUCTION> 19 =>
 2 4 0 11 4 0 11 5 0 11 4 27 1 26 0 11 10 16 0 17 11 0 24 1 11 0 24 1 11 9 16 0 17 11 10 16 0 17 11 6 16 0 25 0 17 18 0 24 14 1 11 10 16 0 17 11 19 8 16 0 25 1 17 18 0 24 0 12 1 11 <SIMPLE_INSTR> 19 =>
 2 4 0 11 4 0 11 5 0 11 4 27 1 26 0 11 10 16 0 17 11 0 24 1 11 0 24 1 11 9 16 0 17 11 10 16 0 17 11 6 16 0 25 0 17 18 0 24 14 1 11 10 16 0 17 11 19 8 16 0 25 1 17 18 0 24 0 12 1 11 <IO_INSTR> 19 =>
 2 4 0 11 4 0 11 5 0 11 4 27 1 26 0 11 10 16 0 17 11 0 24 1 11 0 24 1 11 9 16 0 17 11 10 16 0 17 11 6 16 0 25 0 17 18 0 24 14 1 11 10 16 0 17 11 19 8 16 0 25 1 17 18 0 24 0 12 1 11 10 16 0 17 11 19